Gene	FTY_1	FTY_2	FTY_3	FTY_Eto_1	FTY_Eto_2	FTY_Eto_3
RPL31	84345399.88	98833994.26	88839561.57	33548222.63	33839538.41	37119843.89
ELMOD2	1848250.446	1851972.93	1929645.614	3244953.516	3360841.731	3644902.576
REEP5	16873988.07	14131717.61	15099074.38	261970.13	391187.4373	449016.1873
SFPQ	50500784.66	40583207.14	41307928.18	22790066.92	23392088.8	22922297.56
PEPD	36265658.04	50103373.12	18528451	157901167.4	127006345	123157845.1
SH2D4A	182837.698	430469.4655	351260.1749	1614470.195	1519411.8	1480767.519
ADA	247581.9417	579728.2125	717533.3677	1814437.031	1811012.428	1751417.768
ERP44	46482278.9	38910665.47	38141080.61	20969673.82	20159258.69	21198521.61
P3H3	2063546.121	288827.1795	1707697.674	6565242.094	5096708.502	5965283
YES1	606776.042	3040395.937	3515875.739	29968218.23	22466419.02	29796967.61
MSH2	2785726.143	4678360.868	2198485.217	8464980.539	7349077.503	7873173.803
FRMD6	327213.2307	286431.8894	407380.701	1218758.563	1533703.075	1502057.811
MRPL39	693681.4979	349749.5529	476332.9089	1715398.012	1597957.792	1442877.697
P3H1	37941596.39	31532504.53	40244016.96	51249650.34	52770022.98	51500353.73
HMOX1	5637587.187	6599287.147	5695434.98	3311619.102	3170960.498	2433446.81
ABHD14B	4447310.281	3240323.311	3521831.561	6561817.195	6168841.416	6671873.813
TCEA1	953892.6965	272657.1808	602014.276	2298116.5	2420320.643	2542419.063
CPPED1	3483925.037	2263325.086	4071628.823	261970.13	391230.4757	448890.0784
CTSB	195764861.7	240731634.3	215025742.9	127489022.6	109458491.1	112299001.3
ACTR3	14557098.2	16002461.08	25589852.53	69478505.62	56408855.74	67661465.95
PTGES3	49178354.13	50984356.04	46436985.6	38121745.17	38926162.46	35582831.39
FLNB	174607898.7	182186587.4	185151485.2	217227617.9	211382454.6	214265548.3
TPM4	148481635.8	139408628.1	155742736.7	182828415.5	183083315.1	178721213.4
RPL12	113527610.2	113256368.7	99691247.58	59381084.12	53900573.26	59773538.99
SH3GLB1	4272616.547	3171651.795	3299207.223	6703732.436	6004429.948	7432376.175
ZC3H15	3280927.343	4217722.347	4445413.55	7932031.844	8381375.118	7767089.504
CALU	316611992.3	315114629.9	241019150.9	161562651.3	166482312.5	165084545
EPHX1	1464040.142	3943862.07	3644094.404	7792912.938	9597568.254	10115217.33
DDX18	909369.1713	543094.2422	545082.5132	2564471.426	2040543.91	2171005.513
ARHGEF12	197982.8998	790431.2224	977157.1972	2106894.031	2049414.822	2105401.055
ARFIP2	2598841.037	1838989.917	1800445.404	322111.3984	356369.8639	784028.9833
BYSL	1160961.287	1201736.89	945703.7124	4705167.938	4806785.231	3843273.034
TRAPPC3	130812.8251	1803743.594	296103.9547	3542993.313	3338035.326	3484698.371
EIF2B1	633401.3395	66293.13407	140572.2744	1504535.414	2576279.285	2373109.372
BPHL	929141.2555	1159056.533	759793.6216	1666871.25	1545564.562	1517644.415
ITSN1	162894.3306	1658778.732	831247.6419	4694253.172	4338669.681	4055209.12
CTSA	13668084.99	16251779.9	18153001.44	24521741.75	24939171.03	22384275.66
AHCYL1	2157560.794	1123919.901	2153857.463	4456896.813	3900653.436	4060403.448
FN1	670342640.1	712766778.7	744619721.8	502861442.4	508375513.2	447471574
PRKCSH	21183231.19	12351051.38	32146472.49	55370977.63	57513456.88	54925783.93
DDX21	6930289.932	4813995.546	4303112.248	1402587.789	766143.5934	871249.9477
SUPT16H	2685308.772	1752635.99	3018258.451	5329839.826	4892812.803	5223788.788
MYBBP1A	1634710.864	1244143.319	1336653.74	3549257.016	2368124.706	3157658.254
UQCRB	17618810.12	11461379.54	11443652.68	2726558.75	2970565.84	2634953.405
ITGB1	74985928.23	107779675.4	90810475.03	142388550.5	156206765.9	150317406.2
DYNC1I2	19296957.88	17889249.34	17653322.86	14651240.3	15248949.13	15169482.57
PSMD10	2941154.78	812008.3507	1427449.439	4707415.25	6958691.708	7782049.393
NOC3L	1030870.29	1504942.458	2311034.419	3844509.156	3449604.937	3696067.691
CKAP4	202908523	272288862.3	269181096.2	373083148.1	372504345.1	363152812
FARSB	16792809.6	17011089.23	19332961.86	25291511.91	25808746.35	23481350.47
SAP18	1931410.419	4139537.315	3838605.771	463405.1563	405519.4126	336483.1015
SND1	75007025.49	71414266.3	82363730.5	111529750.8	117806200.3	104469414.1
SPTBN1	120123344.2	122867041.7	127116716.7	147981236.6	142956083.3	145251431.7
ANKFY1	2011809.96	701067.6741	1649705.899	3454708.598	2983797.104	3706924.348
CTNND1	19092253.61	26661582.01	22977141.65	13964748.31	12838547.34	12718530.91
RETSAT	3081215.542	2720225.059	1850487.416	773890.625	798856.7207	917111.013
PPP3CA	2264943.78	2174983.028	3162653.375	4696243.641	4405622.467	4202148.304
NUTF2	31145615.82	323320.4541	311521.5284	57177471.37	53137538.52	53279660.5
CALD1	116500739.5	136745862	175553311.5	222467082.7	217691062.5	220534311
HNRNPL	50255042.68	59658947.55	55868113.25	44286057.73	38475925.93	40408133.44
SERBP1	44589450.22	22529531.23	36315788.59	62293005.95	58007384.72	59372069.84
SGCB	13015782.53	14850414.62	25331809.87	1553944.172	3923260.891	1717620.406
GSTM3	5968664.254	4965599.716	5312551.729	7573285.688	7035341.873	7002064.145
ABRACL	3154475.714	3402257.809	4050727.171	2137538.375	1970587.149	2561527.145
PDCD11	1014672.693	1013467.589	2071503.15	4589639.879	4578229.425	4014564.9
PLEKHO2	820470.4246	1431655.726	1247943.027	12623592.08	11814731.13	11073547.37
DPP9	6169461.766	5832633.212	8473380.895	12736316.3	11762745.63	11621007.48
NMRAL1	487847.0375	1027319.056	1060572.411	63276.24156	74647.23162	37716.13266
GATD3B	4422208.145	5405187.343	6769405.949	9972934.719	10071606.87	9457579.846
GNL3	754456.3032	709083.1052	477637.3634	1349066.742	1808276.893	1723529.153
SH3GL1	25174700.59	33888237.3	25422930.08	17708459.59	17976106.79	16322435.91
ATP5PO	21019087.47	14553116.86	10146455.16	3959253.578	2770036.716	2039927.986
CAPG	34272839.03	40223247.25	33032554.43	66032398.37	61896516.04	55977183.27
SNX12	2871457.897	4826885.518	2430081.191	7044834.25	5961406.492	7883253.781
NRP1	2781322.486	1460089.61	2365717.487	389985.625	776074.7924	774362.7557
EPG5	689423.0828	686137.7421	1285179.88	158145.1094	177703.1181	151466.1145
EIF3J	8470457.228	8837822.4	7045081.919	5655464.375	5805946.195	5742469.71
STX18	409707.4915	480164.7285	550029.907	679895.7813	880952.4073	977520.0696
SNX18	703409.7514	1496647.561	6077158.739	9059162.063	9931871.758	8772697.682
SSBP1	20572598.93	19715743.71	21964877.19	26007694.53	27519676.06	26739835.46
BCAP31	32186062.33	17751959.23	35079606.57	58939216.44	59929170.97	54792424.88
ACOX1	2828919.005	1128096.254	2072610.162	3754563.844	4750792.642	3807904.257
WNK1	2200391.708	3386922.905	3424275.093	523627.4375	1572183.141	1360783.208
SCRN1	15459180.11	18998847.73	15408288.63	11613222.4	9641018.66	10009458.12
GBA1	15453987.73	7779883.79	11897642.25	20414186.84	18786977.63	19667856.19
PSMD6	6141878.686	6609495.551	7096713.609	4477819.391	4526817.824	4720324.734
AAMDC	645340.2885	897668.6675	815790.1996	2519001.375	1643136.281	1678931.824
YWHAQ	37026579.89	30029466.98	40958087.59	66621728.45	72408123.81	66480041.16
PSMB1	16173830.39	19914656.78	14147730.97	9179152.734	7889893.355	8303108.783
DTYMK	20108467.96	24982655.67	14634788.8	31681731.53	32517519.09	30404066.37
ANXA6	411213382.9	383036567.6	398906062.8	478719389.4	443005960.5	487593569.7
RPL19	47656157.56	79880604.5	72566810.52	32507645.3	24035602.04	24016865.66
REV3L	4812025.983	2536932.414	1518355.76	7743709.5	8259196.063	7043382.255
IGF2BP2	8094373.498	5980636.309	8117558.974	9960639.027	10385900.95	10367658.67
DNAJB1	5095074.621	6048046.58	3533264.517	2298592.936	2004785.536	1933373.098
ARCN1	27303007.77	11527644.26	28339558.72	42380000.81	41565856.41	37368556.94
RPS15	18004441.98	13736019.18	16360408.59	25190360.75	23001305.26	25145789.14
EIF5	5887107.975	3952025.331	9178825.299	11831273.56	12776533.04	11891010.8
MYH11	643706.3439	1228426.182	994765.902	2404129.938	2611326.631	2937668.394
ACOT9	10958418.38	4535514.52	7815690.471	13643450.98	16055942.46	14646227.93
GALNT10	581412.3071	760227.9851	986394.3203	1604021.125	1244207.899	1313386.898
FKBP9	24422778.66	19938512.59	25106710.55	28950003.22	34038354.56	33025561.17
NEDD8	881556.5019	970503.972	744010.0861	1815868.25	2209603.304	2292203.277
SLC25A24	15814221.61	6666462.893	11770969.36	21788091.71	20142968.57	20052172.93
AP1M1	10480703.87	12377685.19	7635245.97	6107629.125	5359843.317	4721335.078
ATL2	174608.3991	177646.5062	222889.1825	133488.3594	110802.5534	139420.5044
PHGDH	18470643.08	8187759.889	21451467.82	26789280.5	30209473.33	29289536.76
SORBS3	2296641.96	6370562.249	13993562.5	18151390	17522176.77	18388335.16
POTEI	958716.8021	1104557.831	645713.1914	337326.4121	370435.5358	248163.5477
SET	49346095.1	47388708.99	47213796.06	39863931.3	40244171.69	35759674.2
SRGAP1	2550377.847	266801.6723	754989.1868	4031471.641	3366920.496	3675784.678
VPS33B	1761928.111	778639.7656	1626948.97	474915.4688	479179.3094	254754.8969
HNRNPK	205141132.6	159119821.7	153407054.5	119071162.1	121974720	119552077.3
SERPINA3-1	2398706.901	241993.6122	1864728.43	5604683.25	3774991.768	3555214.133
FAM3C	7571372.361	7118882.536	5940176.136	15478295.91	14593828.61	14569957.78
OSBPL8	9172439.321	1145352.779	5276344.507	12337029.41	13536442.7	12082142.44
HMGB1	82137583.91	95538143.88	128545060.4	63510318.64	55457389.41	55847056.95
GET3	4825445.453	6281243.122	7708688.16	8252188.688	9626294.571	9540216.388
TUBA1C	1528754566	1265775188	986573447.5	647496590.6	775320906.7	805133721.8
ATP6V1B2	16604312.44	16882844.25	22114786.37	24009125.75	26331656.21	24887984.4
RPL23	25509471.97	36010186.01	34053605.73	44099500.72	62100759.76	56085916.85
PLOD3	17673345.98	13105915.54	21615699.61	24602526.77	25449488.83	25191325.85
DFFA	490675.8163	464960.7172	3326189.183	3922113.391	4277279.972	4283214.815
SLK	8787929.57	8669351.145	7239103.587	4472032.129	5103326.813	4834793.246
KIF5B	23682584.61	14918410.54	28963110.61	33121056.77	35882279.97	36127657.69
EIF3L	57700424.23	43276688.67	44103479.28	34062761.14	35699566.26	33488052.75
ATP2A2	27376801.93	32936804.88	25140294.7	18959740.68	21430632.75	20049976.12
HGH1	573884.7709	818805.7406	1030337.214	1735897.25	1867466.974	1793296.531
CNTNAP1	573638.2245	173830.1074	661520.3967	945517.4688	1093139.053	1081167.614
PCYOX1	15662960.74	9547370.369	11911461.7	18134754.01	20725345.7	18989496.27
DDX19B	4415249.314	6469772.617	5397287.432	7132905.469	7527800.413	7415066.86
NSDHL	6827709.098	6422083.536	8218282.185	4818361	5629532.464	5109684.633
LAMTOR2	810795.5586	348018.8308	1965305.769	2485722.852	2755218.503	2750665.585
PYCR2	1233725.896	3107630.916	1179541.151	3621078.563	3601332.442	3500236.788
MAGED2	2585837.751	3638614.232	6905172.9	7660003.605	10596101.91	9949076.396
PLOD1	34355555.84	10019726.29	16969174.32	43981786.19	39444541.74	40391679.95
TIGAR	3474190.337	1607638.917	2550297.205	4273849.875	4861083.053	4104097.87
CCT7	96147486.53	86111894.18	66124914.47	54213926.34	57921241.05	56503702.53
CAPNS1	26999906.32	18038621.37	41938986.96	51061864.42	54580519.63	58357063.33
NASP	7327786.687	2128102.813	7328271.002	10143574.86	10312768.13	10410972.33
YTHDF2	784374.7765	558971.8703	530914.5324	322025.9688	457387.9975	369457.2645
IGF2R	4171552.339	3337213.006	3550203.007	2535511.063	2266882.858	2301290.137
WDR36	427033.6992	163655.6731	493819.606	1118546.883	937243.6062	934707.4447
PFDN6	11201349.19	7624331.561	7919872.685	2274467.508	2354312.541	2631492.741
S100A13	77113309.22	83715336.92	80334585.78	56073356.76	57278772.31	56419005.84
NOSIP	303479.8134	253689.5639	275532.2548	154734.9688	131458.1687	138838.067
TUBB2A	15105439.25	10272940.59	13115727.17	6371633.961	3606746.046	6273944.273
TP53I3	329116.5631	2450989.631	4943793.085	7686675.219	5718695.492	7067191.556
EGFR	646144.8786	94278.63522	820246.1745	1191057.404	1053503.004	1271994.294
MSH6	1200740.851	1451886.508	792628.9884	555956.2656	441912.4953	504204.2235
PRCP	1115928.708	4030673.077	7511541.626	9529839.063	9445926.82	8558527.723
APEX1	10482934.87	6916462.577	8041298.526	13594877.42	11687907.54	12658686.21
RBM4	10007021.42	3477450.81	6129652.024	11077956.64	12529921.46	11856181.98
MEMO1	3325205.814	2433124.832	5824942.366	7314619.25	7061241.798	6404696.765
SCP2	9138115.115	19278244.4	19982179.59	28637483.49	26532228.83	33085947.59
TRIR	2482414.108	1889764.607	3647581.972	926510.4375	1081396.679	1421983.752
BSDC1	130734.0571	165531.8546	129135.895	120549.1328	101484.6884	83815.583
TMEM119	1942608.066	5107981.857	2176267.803	424494.3125	500508.1962	579372.6946
APPL2	14228175.63	11876443.89	13507424.46	16096555.73	15668647.81	15416114.72
RALY	6688900.235	13780416.61	7687058.545	4332942.836	3456372.97	3700130.2
WASHC2A	2598892.212	465758.9053	1753704.218	4014240.961	4165971.325	3801152.895
CTSL	11453540.12	8385980.388	7719162.152	13896444.34	13838554.97	12342037.11
ARF6	5378473.145	3843271.869	5193706.702	6457340.641	9720782.923	8472810.321
RTF2	644661.031	258472.805	377203.9138	138622.7121	110664.9017	132210.0222
CYTH3	411828.415	1365257.558	990787.1929	197264.8125	214886.9307	249402.1443
BPNT1	3802245.237	3331857.008	4628292.723	7319840.594	5790108.588	5810287.62
PFAS	871196.9697	534383.322	267457.3426	1393991.371	1161772.758	1962181.429
CHMP1A	3696177.473	2873891.764	2713035.681	3909636.031	5716518.74	4740325.048
EPS8L2	3914359.705	2057351.484	2495504.659	4718066.766	4935384.429	5178559.981
DHRS7	313338.8392	234967.4601	511260.8686	2520690.871	2901652.129	2256718.535
RRAS	4613816.369	11218084.39	10055594.2	12131097.41	15045210.67	14540267.07
EEF1E1	5024297.008	5290312.406	5989385.046	7220554.906	6579599.524	7089388.567
MON2	918342.3523	502710.5218	1035512.699	176210.3906	372365.3893	365415.3741
PDGFRA	700363.8881	410459.49	305945.107	196958.7656	175981.9379	194129.7352
PREP	6167937.85	2447920.571	5410264.34	8487076.297	8060064.502	8732008.604
MKRN2	2480729.02	2238200.38	733436.8465	470936.0859	557866.4247	572551.371
LSM4	4125995.862	4794165.431	844769.9874	487690.0625	428430.3904	357818.9422
GSN	32704000.64	5737537.775	4132563.979	41327839.31	40738076.81	40821177.25
ITGA2	7937275.517	5890022.859	6783797.618	8831401.625	10500393.6	8607064.308
NDRG3	134900.1047	1349875.828	874528.1136	1380478.438	1971380.259	2234824.761